{
  "advancedEditorSelectedIdentifier" : "ProjectBrowser",
  "openSceneRelativePaths" : [
    "M_MovingWater.usda",
    "EndPiece.usda",
    "StartPiece.usda",
    "M_endWater.usda",
    "M_StagnantWater.usda"
  ],
  "recentIdentifiers" : {
    "3CFB10DC-BD11-4E37-91B0-BC5BAF6F913D" : [

    ],
    "65C0A537-3A5F-4EAA-BB83-D52501B4F0E0" : [

    ],
    "659C068A-64E9-4097-9D52-55B9BF614D29" : [

    ],
    "3876DBB0-4287-4363-8306-D912303161E3" : [

    ],
    "BABC2FA4-7439-4358-9650-DF962EB8F8BE" : [

    ],
    "C48C497A-9C38-42FF-89CE-934049DCC45C" : [

    ],
    "C92558ED-F784-47EE-AB36-0AD13A98F65D" : [

    ]
  },
  "sceneCameraHistory" : {
    "0B15908E-A4D9-4B0F-B604-C2D8D7AA3C7E" : [
      {
        "date" : 718221017.48462,
        "title" : "Untitled",
        "transform" : [
          0.99864715,
          2.7423444e-09,
          -0.051997893,
          0,
          -0.0286853,
          0.8340673,
          -0.5509165,
          0,
          0.043369785,
          0.5516629,
          0.8329388,
          0,
          0.27462077,
          0.304706,
          0.40839344,
          1
        ]
      },
      {
        "date" : 718221013.716287,
        "title" : "Untitled",
        "transform" : [
          0.9994581,
          3.0920742e-09,
          -0.03291516,
          0,
          -0.021543123,
          0.75605786,
          -0.65415,
          0,
          0.024885816,
          0.65450484,
          0.7556481,
          0,
          0.26473266,
          0.34144554,
          0.35475895,
          1
        ]
      },
      {
        "date" : 718221011.92614,
        "title" : "Untitled",
        "transform" : [
          0.9848223,
          3.125845e-09,
          -0.17356546,
          0,
          -0.039686143,
          0.9735081,
          -0.22518192,
          0,
          0.16896746,
          0.22865249,
          0.95873255,
          0,
          0.3048705,
          0.09633617,
          0.26215374,
          1
        ]
      },
      {
        "date" : 718220570.917205,
        "title" : "Untitled",
        "transform" : [
          0.9997809,
          3.3007188e-09,
          0.020930095,
          0,
          0.010683345,
          0.85991967,
          -0.51031756,
          0,
          -0.017998144,
          0.51042956,
          0.85973126,
          0,
          0.24220343,
          0.32000458,
          0.5122533,
          1
        ]
      },
      {
        "date" : 718220551.505491,
        "title" : "Untitled",
        "transform" : [
          0.9611842,
          3.2802085e-09,
          0.2759073,
          0,
          0.099116266,
          0.93324614,
          -0.34529343,
          0,
          -0.25748935,
          0.35923767,
          0.8970214,
          0,
          -0.17232418,
          0.15377362,
          0.37050423,
          1
        ]
      },
      {
        "date" : 718220534.910385,
        "title" : "Untitled",
        "transform" : [
          0.9802011,
          2.686769e-09,
          0.19800436,
          0,
          0.09669581,
          0.8726468,
          -0.47868302,
          0,
          -0.17278782,
          0.488352,
          0.85536927,
          0,
          -0.13954848,
          0.21363303,
          0.36446932,
          1
        ]
      },
      {
        "date" : 718220531.490421,
        "title" : "Untitled",
        "transform" : [
          0.9431517,
          2.7375944e-09,
          0.33236292,
          0,
          0.17787057,
          0.84474456,
          -0.50474614,
          0,
          -0.28076172,
          0.5351699,
          0.7967222,
          0,
          -0.18480851,
          0.23428483,
          0.33001086,
          1
        ]
      },
      {
        "date" : 718220523.039115,
        "title" : "Untitled",
        "transform" : [
          0.9990209,
          2.1948268e-09,
          0.0442417,
          0,
          0.007867969,
          0.9840594,
          -0.17766619,
          0,
          -0.043536466,
          0.1778405,
          0.98309577,
          0,
          0.010669556,
          0.08079579,
          0.41554058,
          1
        ]
      },
      {
        "date" : 718220511.502308,
        "title" : "Untitled",
        "transform" : [
          0.99987966,
          2.0550202e-09,
          0.015515582,
          0,
          0.012846318,
          0.5607848,
          -0.82786196,
          0,
          -0.008700905,
          0.8279617,
          0.5607171,
          0,
          0.34788883,
          0.33582446,
          0.23831762,
          1
        ]
      },
      {
        "date" : 718220508.819218,
        "title" : "Untitled",
        "transform" : [
          0.99987966,
          2.0550202e-09,
          0.015515582,
          0,
          0.012846318,
          0.5607848,
          -0.82786196,
          0,
          -0.008700905,
          0.8279617,
          0.5607171,
          0,
          0.34748662,
          0.37409547,
          0.2642358,
          1
        ]
      }
    ],
    "1D5AC723-2609-4FB8-BFDF-5E89366A380E" : [
      {
        "date" : 718661830.338468,
        "title" : "Untitled",
        "transform" : [
          0.99999994,
          0,
          -0,
          0,
          -0,
          0.8660255,
          -0.49999988,
          0,
          0,
          0.49999988,
          0.8660255,
          0,
          0,
          0.27093473,
          0.46927276,
          1
        ]
      }
    ],
    "3CFB10DC-BD11-4E37-91B0-BC5BAF6F913D" : [
      {
        "date" : 719779632.405869,
        "title" : "Untitled",
        "transform" : [
          0.96342397,
          -3.3384768e-07,
          -0.2679821,
          0,
          -0.24610673,
          0.39572448,
          -0.884779,
          0,
          0.10604759,
          0.91836923,
          0.38125035,
          0,
          0.0018015924,
          0.051554967,
          0.020647855,
          1
        ]
      },
      {
        "date" : 719255179.233103,
        "title" : "Untitled",
        "transform" : [
          0.9423122,
          -3.4138031e-07,
          -0.33473554,
          0,
          -0.2817532,
          0.5399168,
          -0.7931614,
          0,
          0.18072984,
          0.8417183,
          0.50877,
          0,
          0.036893383,
          0.2943678,
          0.17408954,
          1
        ]
      },
      {
        "date" : 719255156.001774,
        "title" : "Untitled",
        "transform" : [
          0.99238086,
          -3.3458386e-07,
          -0.123208396,
          0,
          -0.029899681,
          0.97010756,
          -0.24082655,
          0,
          0.11952574,
          0.24267547,
          0.96271616,
          0,
          0.049130548,
          0.15789838,
          0.58652705,
          1
        ]
      },
      {
        "date" : 719255135.841085,
        "title" : "Untitled",
        "transform" : [
          0.9668934,
          -3.3423945e-07,
          -0.25518078,
          0,
          -0.07545144,
          0.9552876,
          -0.2858894,
          0,
          0.24377137,
          0.29567823,
          0.9236612,
          0,
          0.12490022,
          0.1900141,
          0.5653797,
          1
        ]
      },
      {
        "date" : 719255127.213516,
        "title" : "Untitled",
        "transform" : [
          0.9548595,
          -3.507281e-07,
          -0.29705808,
          0,
          -0.26017755,
          0.48258924,
          -0.83631057,
          0,
          0.14335756,
          0.8758468,
          0.4608048,
          0,
          0.024381392,
          0.21129808,
          0.109434955,
          1
        ]
      },
      {
        "date" : 719187572.152143,
        "title" : "Untitled",
        "transform" : [
          0.97958714,
          -3.5175026e-07,
          -0.20102036,
          0,
          -0.1893023,
          0.33643723,
          -0.92248285,
          0,
          0.06763131,
          0.9417059,
          0.32956952,
          0,
          0.0063464777,
          0.22643766,
          0.07683131,
          1
        ]
      },
      {
        "date" : 719187520.160392,
        "title" : "Untitled",
        "transform" : [
          0.96107274,
          -3.5238253e-07,
          -0.27629557,
          0,
          -0.27612758,
          0.034899425,
          -0.9604871,
          0,
          0.0096431505,
          0.99939084,
          0.033540796,
          0,
          -0.007697585,
          0.23898584,
          0.0066225734,
          1
        ]
      },
      {
        "date" : 719187503.085694,
        "title" : "Untitled",
        "transform" : [
          0.5191516,
          -3.5080419e-07,
          -0.85468215,
          0,
          -0.656239,
          0.64067,
          -0.39861304,
          0,
          0.5475695,
          0.76781625,
          0.33260447,
          0,
          0.08426108,
          0.19643737,
          0.052569903,
          1
        ]
      },
      {
        "date" : 719185506.783006,
        "title" : "Untitled",
        "transform" : [
          0.84428895,
          -3.309312e-07,
          -0.5358881,
          0,
          -0.49734023,
          0.37241277,
          -0.7835569,
          0,
          0.19957209,
          0.92806715,
          0.31442383,
          0,
          0.016911697,
          0.21474771,
          0.028829997,
          1
        ]
      },
      {
        "date" : 719185496.794543,
        "title" : "Untitled",
        "transform" : [
          0.9140362,
          -2.8509317e-07,
          -0.40563264,
          0,
          -0.26910913,
          0.7482376,
          -0.6063997,
          0,
          0.30351007,
          0.6634307,
          0.6839162,
          0,
          0.053986575,
          0.19118288,
          0.12476805,
          1
        ]
      }
    ],
    "65C0A537-3A5F-4EAA-BB83-D52501B4F0E0" : [
      {
        "date" : 719779603.938546,
        "title" : "Untitled",
        "transform" : [
          -0.0005458551,
          1.8364917e-08,
          -0.9999998,
          0,
          -0.104161724,
          0.9945604,
          5.6910263e-05,
          0,
          0.99456024,
          0.104162,
          -0.00054303487,
          0,
          0.39150184,
          0.041002497,
          -0.00021367367,
          1
        ]
      },
      {
        "date" : 719779515.742147,
        "title" : "Untitled",
        "transform" : [
          0.40537322,
          1.8377627e-08,
          -0.91415125,
          0,
          -0.08810303,
          0.995345,
          -0.039068542,
          0,
          0.9098959,
          0.0963771,
          0.40348604,
          0,
          0.2252695,
          0.02386067,
          0.09989401,
          1
        ]
      },
      {
        "date" : 719779505.019467,
        "title" : "Untitled",
        "transform" : [
          0.37446097,
          2.562194e-08,
          -0.9272427,
          0,
          -0.41470128,
          0.89441335,
          -0.16747437,
          0,
          0.82933813,
          0.44724154,
          0.33492273,
          0,
          0.20532529,
          0.11072674,
          0.08291931,
          1
        ]
      },
      {
        "date" : 719779497.005204,
        "title" : "Untitled",
        "transform" : [
          0.0010881315,
          2.960432e-08,
          -0.99999934,
          0,
          -0.006131735,
          0.9999813,
          -6.6025677e-06,
          0,
          0.99998057,
          0.0061319917,
          0.0010879753,
          0,
          0.184649,
          0.0011322103,
          0.00020092294,
          1
        ]
      },
      {
        "date" : 719779467.14625,
        "title" : "Untitled",
        "transform" : [
          -0.027490728,
          2.959116e-08,
          -0.99962217,
          0,
          -0.18151312,
          0.9833759,
          0.0049918825,
          0,
          0.9830043,
          0.18158199,
          -0.027033847,
          0,
          0.26414436,
          0.048793018,
          -0.0072642625,
          1
        ]
      },
      {
        "date" : 719779460.219257,
        "title" : "Untitled",
        "transform" : [
          -0.25374874,
          2.996862e-08,
          -0.9672702,
          0,
          -0.7112979,
          0.67766976,
          0.18659835,
          0,
          0.65548956,
          0.7353666,
          -0.17195791,
          0,
          0.17613757,
          0.19760124,
          -0.046207026,
          1
        ]
      },
      {
        "date" : 719188143.001456,
        "title" : "Untitled",
        "transform" : [
          -0.48739704,
          2.0744551e-08,
          -0.8731805,
          0,
          -0.41475886,
          0.8799869,
          0.2315126,
          0,
          0.7683872,
          0.4749981,
          -0.42890304,
          0,
          0.26132554,
          0.16154486,
          -0.14586823,
          1
        ]
      },
      {
        "date" : 719188139.415249,
        "title" : "Untitled",
        "transform" : [
          -0.20998864,
          1.5606691e-08,
          -0.9777038,
          0,
          -0.14864852,
          0.98837453,
          0.03192639,
          0,
          0.9663375,
          0.15203862,
          -0.20754752,
          0,
          0.25605506,
          0.040286284,
          -0.054994848,
          1
        ]
      },
      {
        "date" : 719188041.085108,
        "title" : "Untitled",
        "transform" : [
          -0.5290829,
          1.4367979e-08,
          -0.84857005,
          0,
          -0.41739628,
          0.87066185,
          0.26024637,
          0,
          0.7388175,
          0.49188206,
          -0.46065232,
          0,
          0.24511841,
          0.16319221,
          -0.1528312,
          1
        ]
      },
      {
        "date" : 719188012.190149,
        "title" : "Untitled",
        "transform" : [
          -0.8156103,
          1.9016252e-08,
          -0.57860154,
          0,
          -0.16849309,
          0.95665985,
          0.2375119,
          0,
          0.55352485,
          0.29120764,
          -0.7802617,
          0,
          0.18364362,
          0.09661423,
          -0.25886837,
          1
        ]
      }
    ],
    "89EC827F-BA1B-4D7C-AA0F-9369610BC75C" : [
      {
        "date" : 719186778.325234,
        "title" : "Untitled",
        "transform" : [
          0.9329231,
          3.0107805e-11,
          -0.3600756,
          0,
          -0.17861639,
          0.86829257,
          -0.46277884,
          0,
          0.31265098,
          0.49605244,
          0.81005025,
          0,
          0.056008197,
          0.15247402,
          0.1337285,
          1
        ]
      },
      {
        "date" : 718220407.212185,
        "title" : "Untitled",
        "transform" : [
          0.9329231,
          3.0107805e-11,
          -0.3600756,
          0,
          -0.17861639,
          0.86829257,
          -0.46277884,
          0,
          0.31265098,
          0.49605244,
          0.81005025,
          0,
          0.18771853,
          0.29783452,
          0.4863616,
          1
        ]
      },
      {
        "date" : 718220404.295628,
        "title" : "Untitled",
        "transform" : [
          0.9329231,
          3.0107805e-11,
          -0.3600756,
          0,
          -0.17861639,
          0.86829257,
          -0.46277884,
          0,
          0.31265098,
          0.49605244,
          0.81005025,
          0,
          0.16941644,
          0.2687964,
          0.43894264,
          1
        ]
      },
      {
        "date" : 718220396.804953,
        "title" : "Untitled",
        "transform" : [
          0.99999994,
          0,
          -0,
          0,
          -0,
          0.8660255,
          -0.49999988,
          0,
          0,
          0.49999988,
          0.8660255,
          0,
          0,
          0.27093542,
          0.46927398,
          1
        ]
      }
    ],
    "659C068A-64E9-4097-9D52-55B9BF614D29" : [
      {
        "date" : 719779624.503588,
        "title" : "Untitled",
        "transform" : [
          0.9652495,
          7.5100395e-08,
          -0.2613304,
          0,
          -0.16487405,
          0.77586186,
          -0.60897875,
          0,
          0.20275599,
          0.630903,
          0.7489001,
          0,
          0.050636187,
          0.1778809,
          0.12225773,
          1
        ]
      },
      {
        "date" : 719779617.481367,
        "title" : "Untitled",
        "transform" : [
          0.9658302,
          7.8355626e-08,
          -0.25917584,
          0,
          -0.19797112,
          0.6453949,
          -0.73774856,
          0,
          0.16727045,
          0.7638491,
          0.6233418,
          0,
          0.041223004,
          0.1991351,
          0.088308915,
          1
        ]
      },
      {
        "date" : 719779615.765055,
        "title" : "Untitled",
        "transform" : [
          0.9223871,
          7.539871e-08,
          -0.3862669,
          0,
          -0.25475022,
          0.75168806,
          -0.60833174,
          0,
          0.2903519,
          0.6595189,
          0.6933473,
          0,
          0.063698605,
          0.18267153,
          0.10828752,
          1
        ]
      },
      {
        "date" : 719515902.960885,
        "title" : "Untitled",
        "transform" : [
          0.89976555,
          7.523738e-08,
          -0.43637347,
          0,
          -0.20924258,
          0.87754,
          -0.4314409,
          0,
          0.382935,
          0.47950366,
          0.7895804,
          0,
          0.14751998,
          0.26023957,
          0.23736033,
          1
        ]
      },
      {
        "date" : 719515896.764865,
        "title" : "Untitled",
        "transform" : [
          0.8826878,
          6.5987365e-08,
          0.46995986,
          0,
          0.21334732,
          0.8910175,
          -0.40071288,
          0,
          -0.41874266,
          0.45396915,
          0.7864901,
          0,
          -0.10836289,
          0.25210688,
          0.26556787,
          1
        ]
      },
      {
        "date" : 719255185.848015,
        "title" : "Untitled",
        "transform" : [
          0.9810772,
          7.362289e-08,
          0.19361688,
          0,
          0.080303214,
          0.9099342,
          -0.4069045,
          0,
          -0.17617881,
          0.41475287,
          0.89271563,
          0,
          -0.021960096,
          0.18311925,
          0.22643477,
          1
        ]
      },
      {
        "date" : 719255103.010237,
        "title" : "Untitled",
        "transform" : [
          0.9975094,
          7.356037e-08,
          -0.07053342,
          0,
          -0.030011505,
          0.9049611,
          -0.42443475,
          0,
          0.06382978,
          0.42549455,
          0.90270716,
          0,
          0.041268494,
          0.2014673,
          0.24083222,
          1
        ]
      },
      {
        "date" : 719255101.688384,
        "title" : "Untitled",
        "transform" : [
          0.98982495,
          6.012803e-08,
          -0.14229037,
          0,
          -0.1105049,
          0.62997407,
          -0.76871413,
          0,
          0.08963899,
          0.7766162,
          0.623564,
          0,
          0.042626042,
          0.28713915,
          0.12659565,
          1
        ]
      },
      {
        "date" : 719255097.725073,
        "title" : "Untitled",
        "transform" : [
          0.95291877,
          7.343374e-08,
          -0.3032258,
          0,
          -0.102713145,
          0.94088185,
          -0.32278705,
          0,
          0.28529942,
          0.3387352,
          0.8965839,
          0,
          0.102172986,
          0.17777276,
          0.24135007,
          1
        ]
      },
      {
        "date" : 719255093.766748,
        "title" : "Untitled",
        "transform" : [
          0.9717762,
          6.304498e-08,
          -0.23590486,
          0,
          -0.15525286,
          0.752916,
          -0.6395421,
          0,
          0.1776163,
          0.65811676,
          0.73166573,
          0,
          0.065560445,
          0.26060262,
          0.16757216,
          1
        ]
      }
    ],
    "3876DBB0-4287-4363-8306-D912303161E3" : [
      {
        "date" : 718738687.707808,
        "title" : "Untitled",
        "transform" : [
          -0.84817564,
          1.0724626e-06,
          0.52971494,
          0,
          0.097467005,
          0.9829267,
          0.1560614,
          0,
          -0.52067095,
          0.18399723,
          -0.83369476,
          0,
          -0.42903334,
          0.30558482,
          -0.34899926,
          1
        ]
      },
      {
        "date" : 718738668.14814,
        "title" : "Untitled",
        "transform" : [
          -0.955025,
          1.0794221e-06,
          -0.29652545,
          0,
          -0.12464056,
          0.90736663,
          0.40143564,
          0,
          0.26905772,
          0.42034006,
          -0.8665577,
          0,
          0.057515416,
          0.1692638,
          -0.20025763,
          1
        ]
      },
      {
        "date" : 718738652.33991,
        "title" : "Untitled",
        "transform" : [
          -0.1410381,
          1.0796635e-06,
          -0.99000424,
          0,
          -0.42977118,
          0.9008596,
          0.061227135,
          0,
          0.8918549,
          0.43411052,
          -0.12705508,
          0,
          0.20301956,
          0.17241666,
          -0.033420373,
          1
        ]
      },
      {
        "date" : 718738648.974961,
        "title" : "Untitled",
        "transform" : [
          0.48019558,
          1.0815362e-06,
          -0.8771615,
          0,
          -0.49365178,
          0.8266049,
          -0.27024496,
          0,
          0.72506565,
          0.56278265,
          0.3969325,
          0,
          0.15817663,
          0.20098908,
          0.08151627,
          1
        ]
      },
      {
        "date" : 718738642.716669,
        "title" : "Untitled",
        "transform" : [
          0.9955912,
          1.0750028e-06,
          0.093799226,
          0,
          0.06765748,
          0.6926136,
          -0.71812874,
          0,
          -0.06496738,
          0.72130877,
          0.68955994,
          0,
          -0.00800135,
          0.23338413,
          0.13239779,
          1
        ]
      },
      {
        "date" : 718738638.857399,
        "title" : "Untitled",
        "transform" : [
          0.8715167,
          1.0770201e-06,
          0.49036583,
          0,
          0.42131773,
          0.51165396,
          -0.7488001,
          0,
          -0.25089845,
          0.85919154,
          0.4459146,
          0,
          -0.033574887,
          0.2573076,
          0.06875231,
          1
        ]
      },
      {
        "date" : 718738607.096961,
        "title" : "Untitled",
        "transform" : [
          -0.3358286,
          1.08201e-06,
          0.94192314,
          0,
          0.4848989,
          0.85731256,
          0.17288245,
          0,
          -0.80752236,
          0.5147962,
          -0.28791058,
          0,
          -0.13809578,
          0.14653169,
          -0.04560037,
          1
        ]
      },
      {
        "date" : 718738601.99659,
        "title" : "Untitled",
        "transform" : [
          0.99514854,
          1.0874749e-06,
          -0.09838408,
          0,
          -0.06588337,
          0.7426799,
          -0.6663978,
          0,
          0.07306719,
          0.66964656,
          0.7390769,
          0,
          0.023391016,
          0.14286469,
          0.13895744,
          1
        ]
      },
      {
        "date" : 718738594.748958,
        "title" : "Untitled",
        "transform" : [
          0.8733663,
          1.0874377e-06,
          0.48706394,
          0,
          0.35118133,
          0.6929162,
          -0.62971336,
          0,
          -0.3374952,
          0.7210181,
          0.60516936,
          0,
          -0.054935064,
          0.15254779,
          0.11822833,
          1
        ]
      },
      {
        "date" : 718737780.124835,
        "title" : "Untitled",
        "transform" : [
          0.8822265,
          1.0872093e-06,
          0.47082502,
          0,
          0.43203536,
          0.3974723,
          -0.8095438,
          0,
          -0.18714085,
          0.91761416,
          0.3506603,
          0,
          -0.029853059,
          0.23624901,
          0.08153027,
          1
        ]
      }
    ],
    "BABC2FA4-7439-4358-9650-DF962EB8F8BE" : [
      {
        "date" : 719779651.833362,
        "title" : "Untitled",
        "transform" : [
          0.9902746,
          -1.30147875e-08,
          -0.13912646,
          0,
          -0.03992468,
          0.95794046,
          -0.28417602,
          0,
          0.13327472,
          0.28696695,
          0.9486242,
          0,
          0.051979776,
          0.17230254,
          0.34428102,
          1
        ]
      },
      {
        "date" : 719779645.758666,
        "title" : "Untitled",
        "transform" : [
          0.99607474,
          -1.2412193e-08,
          -0.08851652,
          0,
          -0.021338047,
          0.9705095,
          -0.24011664,
          0,
          0.085905954,
          0.24106292,
          0.9667,
          0,
          0.026074925,
          0.11564461,
          0.26338682,
          1
        ]
      },
      {
        "date" : 719779608.981998,
        "title" : "Untitled",
        "transform" : [
          0.9243168,
          -1.2461406e-08,
          -0.38162613,
          0,
          -0.11386177,
          0.9544536,
          -0.27577868,
          0,
          0.36424425,
          0.29835954,
          0.8822175,
          0,
          0.12125037,
          0.15802248,
          0.28528264,
          1
        ]
      },
      {
        "date" : 719779525.989898,
        "title" : "Untitled",
        "transform" : [
          0.9964282,
          -1.2429022e-08,
          -0.08444507,
          0,
          -0.024357578,
          0.9574971,
          -0.28741258,
          0,
          0.080855764,
          0.28844294,
          0.95407706,
          0,
          0.022665728,
          0.13040784,
          0.22952564,
          1
        ]
      },
      {
        "date" : 719779431.990209,
        "title" : "Untitled",
        "transform" : [
          0.98484313,
          -1.2926214e-08,
          -0.17344767,
          0,
          -0.068500094,
          0.9187103,
          -0.38894624,
          0,
          0.15934806,
          0.39493224,
          0.9047854,
          0,
          0.04658663,
          0.17115158,
          0.24605726,
          1
        ]
      },
      {
        "date" : 719779427.549823,
        "title" : "Untitled",
        "transform" : [
          0.992419,
          -1.3641453e-08,
          -0.12290033,
          0,
          -0.068480104,
          0.83037823,
          -0.55297595,
          0,
          0.10205368,
          0.5572002,
          0.8240832,
          0,
          0.033310737,
          0.24149857,
          0.2396188,
          1
        ]
      },
      {
        "date" : 719255086.724825,
        "title" : "Untitled",
        "transform" : [
          0.9859395,
          -1.4970503e-08,
          -0.1671029,
          0,
          -0.028915118,
          0.98491514,
          -0.17060466,
          0,
          0.1645821,
          0.17303774,
          0.9710668,
          0,
          0.06305254,
          0.13616838,
          0.34807384,
          1
        ]
      },
      {
        "date" : 719188957.209301,
        "title" : "Untitled",
        "transform" : [
          0.8384207,
          -1.5027494e-08,
          -0.5450234,
          0,
          -0.10974526,
          0.9795175,
          -0.16882335,
          0,
          0.53385997,
          0.20135881,
          0.82124794,
          0,
          0.19391917,
          0.14630865,
          0.29096735,
          1
        ]
      },
      {
        "date" : 719188938.867164,
        "title" : "Untitled",
        "transform" : [
          0.9972394,
          -1.4779495e-08,
          -0.074252605,
          0,
          -0.016119102,
          0.97615296,
          -0.2164851,
          0,
          0.07248178,
          0.21708436,
          0.97345805,
          0,
          0.02977468,
          0.15191235,
          0.34598985,
          1
        ]
      },
      {
        "date" : 719188468.471223,
        "title" : "Untitled",
        "transform" : [
          0.8789746,
          -1.4787725e-08,
          -0.47686848,
          0,
          -0.09350124,
          0.9805893,
          -0.17234352,
          0,
          0.467612,
          0.19607337,
          0.8619131,
          0,
          0.17062537,
          0.1444209,
          0.3061086,
          1
        ]
      }
    ],
    "C48C497A-9C38-42FF-89CE-934049DCC45C" : [
      {
        "date" : 719186800.27187,
        "title" : "Untitled",
        "transform" : [
          0.94398475,
          -2.6015563e-08,
          -0.32998908,
          0,
          -0.2971686,
          0.43477172,
          -0.8500967,
          0,
          0.14346997,
          0.90054065,
          0.41041788,
          0,
          0.15242408,
          0.38584515,
          0.25694442,
          1
        ]
      },
      {
        "date" : 719186794.422269,
        "title" : "Untitled",
        "transform" : [
          0.92102706,
          -9.326811e-09,
          -0.38949892,
          0,
          -0.1018448,
          0.9652099,
          -0.2408269,
          0,
          0.3759482,
          0.26147646,
          0.8889844,
          0,
          0.3183003,
          0.04133434,
          0.5536804,
          1
        ]
      },
      {
        "date" : 718757624.784909,
        "title" : "Untitled",
        "transform" : [
          0.9981811,
          2.6678255e-09,
          0.06028725,
          0,
          0.048138514,
          0.6020136,
          -0.7970335,
          0,
          -0.036293726,
          0.7984859,
          0.6009186,
          0,
          0.04870589,
          0.42143494,
          0.4791721,
          1
        ]
      },
      {
        "date" : 718737616.822575,
        "title" : "Untitled",
        "transform" : [
          0.9981811,
          2.6678255e-09,
          0.06028725,
          0,
          0.048138514,
          0.6020136,
          -0.7970335,
          0,
          -0.036293726,
          0.7984859,
          0.6009186,
          0,
          0.04034406,
          0.34908298,
          0.39690784,
          1
        ]
      },
      {
        "date" : 718735663.825418,
        "title" : "Untitled",
        "transform" : [
          0.99433756,
          -8.1975937e-10,
          0.106268086,
          0,
          0.048568822,
          0.88944584,
          -0.45445257,
          0,
          -0.09451971,
          0.4570405,
          0.8844095,
          0,
          0.21813753,
          0.08833368,
          0.42425653,
          1
        ]
      },
      {
        "date" : 718735656.317063,
        "title" : "Untitled",
        "transform" : [
          0.99982595,
          4.5201545e-09,
          0.01865681,
          0,
          0.018373296,
          0.17367004,
          -0.9846325,
          0,
          -0.0032401301,
          0.9848039,
          0.17363992,
          0,
          0.23787129,
          0.34102494,
          0.16135192,
          1
        ]
      },
      {
        "date" : 718662383.21497,
        "title" : "Untitled",
        "transform" : [
          0.9992392,
          4.4433017e-09,
          0.03899967,
          0,
          0.036967263,
          0.31860778,
          -0.94716555,
          0,
          -0.012425601,
          0.94788665,
          0.31836548,
          0,
          0.17404592,
          0.23479,
          0.16103235,
          1
        ]
      },
      {
        "date" : 718662374.154555,
        "title" : "Untitled",
        "transform" : [
          0.9998077,
          4.526425e-09,
          0.01960938,
          0,
          0.01444341,
          0.67637604,
          -0.7364149,
          0,
          -0.013263316,
          0.7365565,
          0.67624605,
          0,
          0.1755264,
          0.15187703,
          0.23973653,
          1
        ]
      },
      {
        "date" : 718662372.478131,
        "title" : "Untitled",
        "transform" : [
          0.9960889,
          4.8323354e-09,
          -0.0883575,
          0,
          -0.08810253,
          0.075916566,
          -0.9932143,
          0,
          0.0067077987,
          0.9971142,
          0.07561972,
          0,
          0.18759154,
          0.2654632,
          0.07542192,
          1
        ]
      },
      {
        "date" : 718662366.926837,
        "title" : "Untitled",
        "transform" : [
          0.99260205,
          9.614034e-10,
          -0.12141274,
          0,
          -0.069513194,
          0.8198794,
          -0.5683006,
          0,
          0.09954382,
          0.5725361,
          0.8138141,
          0,
          0.21085784,
          0.0970899,
          0.23971288,
          1
        ]
      }
    ],
    "C92558ED-F784-47EE-AB36-0AD13A98F65D" : [
      {
        "date" : 718737606.389251,
        "title" : "Untitled",
        "transform" : [
          0.964809,
          1.6557067e-10,
          -0.26295152,
          0,
          -0.07710822,
          0.95603853,
          -0.2829217,
          0,
          0.25139186,
          0.2932411,
          0.9223945,
          0,
          0.13491656,
          0.1573762,
          0.49502915,
          1
        ]
      },
      {
        "date" : 718737507.633581,
        "title" : "Untitled",
        "transform" : [
          0.99964905,
          2.5696756e-10,
          -0.026488472,
          0,
          -0.0075451434,
          0.95857316,
          -0.28474632,
          0,
          0.02539114,
          0.28484628,
          0.9582368,
          0,
          0.012360023,
          0.13865893,
          0.4664553,
          1
        ]
      }
    ]
  },
  "selectedSceneRelativePath" : "M_StagnantWater.usda"
}